	Alligator	Gavialis	Acanthisitta	Bombycilla	Regulus	Fringilla	Passer	Ploceus	Vidua	Sylvia	Turdus	Picathartes	Corvus	Malurus	Climacteris	Menura	Dendrocolaptes	Scytalopus	Grallaria	Thamnophilus	Mionectes	Tyrannus	Pipra	Pitta	Smithornis	Sapayoa	Alisterus	Psittacula	Micropsitta	Chalcopsitta	Platycercus	Psittacus	Cacatua	Daptrius	Falco	Herpetotheres	Micrastur	Cariama	Alcedo	Momotus	Todus	Brachypteracias	Coracias	Merops	Bucco	Galbula	Capito	Megalaima	Dryocopus	Indicator	Bucorvus	Tockus	Phoeniculus	Upupa	Pharomachrus	Trogon	Leptosomus	Colius	Urocolius	Phodilus	Tyto	Speotyto	Strix	Buteo	Gampsonyx	Pandion	Sagittarius	Cathartes	Sarcoramphus	Arenaria	Jacana	Rostratula	Pedionomus	Thinocorus	Dromas	Larus	Turnix	Burhinus	Charadrius	Phegornis	Haematopus	Anhinga	Phalacrocorax	Morus	Fregata	Ardea	Cochlearius	Eudocimus	Balaeniceps	Scopus	Pelecanus	Ciconia	Diomedea	Oceanodroma	Pelecanoides	Puffinus	Oceanites	Eudyptula	Gavia	Corythaeola	Tauraco	Aramus	Grus	Psophia	Heliornis	Sarothrura	Himantornis	Rallus	Centropus	Coua	Coccyzus	Phaenicophaeus	Cuculus	Crotophaga	Geococcyx	Choriotis	Eupodotis	Opisthocomus	Aegotheles	Aerodramus	Streptoprocne	Hemiprocne	Colibri	Phaethornis	Caprimulgus	Eurostopodus	Batrachostomus	Podargus	Nyctibius-br	Nyctibius-gr	Steatornis	Eurypyga	Rhynochetos	Columba	Geotrygon	Treron	Columbina	Otidiphaps	Mesitornis	Monias	Pterocles	Syrrhaptes	Phaethon-le	Phaethon-ru	Phoenicopterus	Podiceps	Alectura	Megapodius	Colinus	Coturnix	Gallus	Rollulus	Numida	Crax	Anas	Aythya	Biziura	Anser	Malacorhynchus	Oxyura	Anseranas	Chauna	Apteryx	Casuarius	Dromaius	Crypturellus	Tinamus	Eudromia	Nothoprocta	Rhea	Struthio
Alligator	0	0.068021	0.781596	0.828665	0.818222	0.817233	0.821769	0.800859	0.80541	0.817937	0.825168	0.802718	0.786782	0.816388	0.797843	0.773574	0.794396	0.793991	0.792854	0.792136	0.793811	0.797913	0.78202	0.816479	0.791379	0.798669	0.750316	0.747598	0.757113	0.757938	0.753726	0.757041	0.739799	0.701013	0.717638	0.686351	0.688762	0.68515	0.794789	0.758179	0.760837	0.736153	0.735534	0.762018	0.77539	0.771873	0.819935	0.828986	0.795032	0.790062	0.741446	0.777969	0.846198	0.847063	0.744704	0.745584	0.705464	0.764306	0.771725	0.694833	0.697595	0.714739	0.691642	0.674853	0.695897	0.68118	0.6808	0.657811	0.656779	0.706164	0.746589	0.742268	0.738266	0.747813	0.685066	0.692292	0.833359	0.675499	0.687641	0.686239	0.677249	0.690335	0.701816	0.677336	0.664108	0.687083	0.683056	0.679355	0.66918	0.690556	0.679769	0.66404	0.653721	0.663273	0.669975	0.66135	0.671868	0.667	0.667251	0.697242	0.702293	0.698246	0.691748	0.716042	0.776605	0.793772	0.763505	0.762549	0.786621	0.753738	0.777942	0.763688	0.757486	0.747468	0.75728	0.703093	0.70517	0.701659	0.726939	0.742191	0.726751	0.727355	0.770957	0.773651	0.700352	0.696876	0.709113	0.701707	0.682513	0.675682	0.693577	0.73094	0.726427	0.740493	0.739985	0.733211	0.737049	0.722309	0.72454	0.724062	0.715568	0.713391	0.691527	0.691207	0.668762	0.702957	0.740427	0.739313	0.825737	0.817491	0.787437	0.809205	0.76238	0.744489	0.722948	0.722254	0.721273	0.7091	0.729628	0.721006	0.674184	0.674872	0.60692	0.614068	0.618053	0.736222	0.717932	0.74726	0.743348	0.647878	0.621658
Gavialis	0.068021	0	0.804495	0.851564	0.841121	0.840132	0.844668	0.823758	0.828309	0.840836	0.848067	0.825617	0.809681	0.839287	0.820742	0.796473	0.817295	0.81689	0.815753	0.815035	0.81671	0.820812	0.804919	0.839378	0.814278	0.821568	0.773215	0.770497	0.780012	0.780837	0.776625	0.77994	0.762698	0.723912	0.740537	0.70925	0.711661	0.708049	0.817688	0.781078	0.783736	0.759052	0.758433	0.784917	0.798289	0.794772	0.842834	0.851885	0.817931	0.812961	0.764345	0.800868	0.869097	0.869962	0.767603	0.768483	0.728363	0.787205	0.794624	0.717732	0.720494	0.737638	0.714541	0.697752	0.718796	0.704079	0.703699	0.68071	0.679678	0.729063	0.769488	0.765167	0.761165	0.770712	0.707965	0.715191	0.856258	0.698398	0.71054	0.709138	0.700148	0.713234	0.724715	0.700235	0.687007	0.709982	0.705955	0.702254	0.692079	0.713455	0.702668	0.686939	0.67662	0.686172	0.692874	0.684249	0.694767	0.689899	0.69015	0.720141	0.725192	0.721145	0.714647	0.738941	0.799504	0.816671	0.786404	0.785448	0.80952	0.776637	0.800841	0.786587	0.780385	0.770367	0.780179	0.725992	0.728069	0.724558	0.749838	0.76509	0.74965	0.750254	0.793856	0.79655	0.723251	0.719775	0.732012	0.724606	0.705412	0.698581	0.716476	0.753839	0.749326	0.763392	0.762884	0.75611	0.759948	0.745208	0.747439	0.746961	0.738467	0.73629	0.714426	0.714106	0.691661	0.725856	0.763326	0.762212	0.848636	0.84039	0.810336	0.832104	0.785279	0.767388	0.745847	0.745153	0.744172	0.731999	0.752527	0.743905	0.697083	0.697771	0.629819	0.636967	0.640952	0.759121	0.740831	0.770159	0.766247	0.670777	0.644557
Acanthisitta	0.781596	0.804495	0	0.256279	0.245836	0.244847	0.249383	0.228473	0.233024	0.245551	0.252782	0.230332	0.214396	0.244002	0.225457	0.201188	0.22201	0.221605	0.220468	0.21975	0.221425	0.225527	0.209634	0.244093	0.218993	0.226283	0.281812	0.279094	0.288609	0.289434	0.285222	0.288537	0.271295	0.238935	0.25556	0.224273	0.226684	0.225566	0.340031	0.303421	0.306079	0.281395	0.280776	0.30726	0.320632	0.317115	0.365177	0.374228	0.340274	0.335304	0.286688	0.323211	0.39144	0.392305	0.289946	0.290826	0.250706	0.309548	0.316967	0.240075	0.242837	0.259981	0.236884	0.220095	0.241139	0.226422	0.226042	0.203053	0.202021	0.26183	0.302255	0.297934	0.293932	0.303479	0.240732	0.247958	0.389025	0.231165	0.243307	0.241905	0.232915	0.251469	0.26295	0.23847	0.225242	0.248217	0.24419	0.240489	0.230314	0.25169	0.240903	0.225174	0.214855	0.224407	0.231109	0.222484	0.233002	0.228134	0.228385	0.258376	0.263427	0.25938	0.252882	0.277176	0.337739	0.354906	0.324639	0.323683	0.347755	0.314872	0.339076	0.324822	0.31862	0.308602	0.318414	0.264227	0.266304	0.262793	0.291061	0.306313	0.290873	0.291477	0.335079	0.337773	0.264474	0.260998	0.273235	0.265829	0.246635	0.239804	0.257699	0.295062	0.290549	0.304615	0.304107	0.297333	0.301171	0.286431	0.288662	0.288184	0.27969	0.277513	0.255649	0.255329	0.232884	0.267079	0.394469	0.393355	0.479779	0.471533	0.441479	0.463247	0.416422	0.398531	0.37699	0.376296	0.375315	0.363142	0.38367	0.375048	0.328226	0.328914	0.39332	0.400468	0.404453	0.522622	0.504332	0.53366	0.529748	0.434278	0.408058
Bombycilla	0.828665	0.851564	0.256279	0	0.123709	0.127662	0.132198	0.111288	0.115839	0.12934	0.136571	0.133615	0.130381	0.179745	0.18585	0.173709	0.246811	0.246406	0.245269	0.244551	0.246226	0.250328	0.234435	0.268894	0.243794	0.251084	0.328881	0.326163	0.335678	0.336503	0.332291	0.335606	0.318364	0.286004	0.302629	0.271342	0.273753	0.272635	0.3871	0.35049	0.353148	0.328464	0.327845	0.354329	0.367701	0.364184	0.412246	0.421297	0.387343	0.382373	0.333757	0.37028	0.438509	0.439374	0.337015	0.337895	0.297775	0.356617	0.364036	0.287144	0.289906	0.30705	0.283953	0.267164	0.288208	0.273491	0.273111	0.250122	0.24909	0.308899	0.349324	0.345003	0.341001	0.350548	0.287801	0.295027	0.436094	0.278234	0.290376	0.288974	0.279984	0.298538	0.310019	0.285539	0.272311	0.295286	0.291259	0.287558	0.277383	0.298759	0.287972	0.272243	0.261924	0.271476	0.278178	0.269553	0.280071	0.275203	0.275454	0.305445	0.310496	0.306449	0.299951	0.324245	0.384808	0.401975	0.371708	0.370752	0.394824	0.361941	0.386145	0.371891	0.365689	0.355671	0.365483	0.311296	0.313373	0.309862	0.33813	0.353382	0.337942	0.338546	0.382148	0.384842	0.311543	0.308067	0.320304	0.312898	0.293704	0.286873	0.304768	0.342131	0.337618	0.351684	0.351176	0.344402	0.34824	0.3335	0.335731	0.335253	0.326759	0.324582	0.302718	0.302398	0.279953	0.314148	0.441538	0.440424	0.526848	0.518602	0.488548	0.510316	0.463491	0.4456	0.424059	0.423365	0.422384	0.410211	0.430739	0.422117	0.375295	0.375983	0.440389	0.447537	0.451522	0.569691	0.551401	0.580729	0.576817	0.481347	0.455127
Regulus	0.818222	0.841121	0.245836	0.123709	0	0.117219	0.121755	0.100845	0.105396	0.118897	0.126128	0.123172	0.119938	0.169302	0.175407	0.163266	0.236368	0.235963	0.234826	0.234108	0.235783	0.239885	0.223992	0.258451	0.233351	0.240641	0.318438	0.31572	0.325235	0.32606	0.321848	0.325163	0.307921	0.275561	0.292186	0.260899	0.26331	0.262192	0.376657	0.340047	0.342705	0.318021	0.317402	0.343886	0.357258	0.353741	0.401803	0.410854	0.3769	0.37193	0.323314	0.359837	0.428066	0.428931	0.326572	0.327452	0.287332	0.346174	0.353593	0.276701	0.279463	0.296607	0.27351	0.256721	0.277765	0.263048	0.262668	0.239679	0.238647	0.298456	0.338881	0.33456	0.330558	0.340105	0.277358	0.284584	0.425651	0.267791	0.279933	0.278531	0.269541	0.288095	0.299576	0.275096	0.261868	0.284843	0.280816	0.277115	0.26694	0.288316	0.277529	0.2618	0.251481	0.261033	0.267735	0.25911	0.269628	0.26476	0.265011	0.295002	0.300053	0.296006	0.289508	0.313802	0.374365	0.391532	0.361265	0.360309	0.384381	0.351498	0.375702	0.361448	0.355246	0.345228	0.35504	0.300853	0.30293	0.299419	0.327687	0.342939	0.327499	0.328103	0.371705	0.374399	0.3011	0.297624	0.309861	0.302455	0.283261	0.27643	0.294325	0.331688	0.327175	0.341241	0.340733	0.333959	0.337797	0.323057	0.325288	0.32481	0.316316	0.314139	0.292275	0.291955	0.26951	0.303705	0.431095	0.429981	0.516405	0.508159	0.478105	0.499873	0.453048	0.435157	0.413616	0.412922	0.411941	0.399768	0.420296	0.411674	0.364852	0.36554	0.429946	0.437094	0.441079	0.559248	0.540958	0.570286	0.566374	0.470904	0.444684
Fringilla	0.817233	0.840132	0.244847	0.127662	0.117219	0	0.077108	0.07389	0.078441	0.117908	0.125139	0.122183	0.118949	0.168313	0.174418	0.162277	0.235379	0.234974	0.233837	0.233119	0.234794	0.238896	0.223003	0.257462	0.232362	0.239652	0.317449	0.314731	0.324246	0.325071	0.320859	0.324174	0.306932	0.274572	0.291197	0.25991	0.262321	0.261203	0.375668	0.339058	0.341716	0.317032	0.316413	0.342897	0.356269	0.352752	0.400814	0.409865	0.375911	0.370941	0.322325	0.358848	0.427077	0.427942	0.325583	0.326463	0.286343	0.345185	0.352604	0.275712	0.278474	0.295618	0.272521	0.255732	0.276776	0.262059	0.261679	0.23869	0.237658	0.297467	0.337892	0.333571	0.329569	0.339116	0.276369	0.283595	0.424662	0.266802	0.278944	0.277542	0.268552	0.287106	0.298587	0.274107	0.260879	0.283854	0.279827	0.276126	0.265951	0.287327	0.27654	0.260811	0.250492	0.260044	0.266746	0.258121	0.268639	0.263771	0.264022	0.294013	0.299064	0.295017	0.288519	0.312813	0.373376	0.390543	0.360276	0.35932	0.383392	0.350509	0.374713	0.360459	0.354257	0.344239	0.354051	0.299864	0.301941	0.29843	0.326698	0.34195	0.32651	0.327114	0.370716	0.37341	0.300111	0.296635	0.308872	0.301466	0.282272	0.275441	0.293336	0.330699	0.326186	0.340252	0.339744	0.33297	0.336808	0.322068	0.324299	0.323821	0.315327	0.31315	0.291286	0.290966	0.268521	0.302716	0.430106	0.428992	0.515416	0.50717	0.477116	0.498884	0.452059	0.434168	0.412627	0.411933	0.410952	0.398779	0.419307	0.410685	0.363863	0.364551	0.428957	0.436105	0.44009	0.558259	0.539969	0.569297	0.565385	0.469915	0.443695
Passer	0.821769	0.844668	0.249383	0.132198	0.121755	0.077108	0	0.078426	0.082977	0.122444	0.129675	0.126719	0.123485	0.172849	0.178954	0.166813	0.239915	0.23951	0.238373	0.237655	0.23933	0.243432	0.227539	0.261998	0.236898	0.244188	0.321985	0.319267	0.328782	0.329607	0.325395	0.32871	0.311468	0.279108	0.295733	0.264446	0.266857	0.265739	0.380204	0.343594	0.346252	0.321568	0.320949	0.347433	0.360805	0.357288	0.40535	0.414401	0.380447	0.375477	0.326861	0.363384	0.431613	0.432478	0.330119	0.330999	0.290879	0.349721	0.35714	0.280248	0.28301	0.300154	0.277057	0.260268	0.281312	0.266595	0.266215	0.243226	0.242194	0.302003	0.342428	0.338107	0.334105	0.343652	0.280905	0.288131	0.429198	0.271338	0.28348	0.282078	0.273088	0.291642	0.303123	0.278643	0.265415	0.28839	0.284363	0.280662	0.270487	0.291863	0.281076	0.265347	0.255028	0.26458	0.271282	0.262657	0.273175	0.268307	0.268558	0.298549	0.3036	0.299553	0.293055	0.317349	0.377912	0.395079	0.364812	0.363856	0.387928	0.355045	0.379249	0.364995	0.358793	0.348775	0.358587	0.3044	0.306477	0.302966	0.331234	0.346486	0.331046	0.33165	0.375252	0.377946	0.304647	0.301171	0.313408	0.306002	0.286808	0.279977	0.297872	0.335235	0.330722	0.344788	0.34428	0.337506	0.341344	0.326604	0.328835	0.328357	0.319863	0.317686	0.295822	0.295502	0.273057	0.307252	0.434642	0.433528	0.519952	0.511706	0.481652	0.50342	0.456595	0.438704	0.417163	0.416469	0.415488	0.403315	0.423843	0.415221	0.368399	0.369087	0.433493	0.440641	0.444626	0.562795	0.544505	0.573833	0.569921	0.474451	0.448231
Ploceus	0.800859	0.823758	0.228473	0.111288	0.100845	0.07389	0.078426	0	0.051437	0.101534	0.108765	0.105809	0.102575	0.151939	0.158044	0.145903	0.219005	0.2186	0.217463	0.216745	0.21842	0.222522	0.206629	0.241088	0.215988	0.223278	0.301075	0.298357	0.307872	0.308697	0.304485	0.3078	0.290558	0.258198	0.274823	0.243536	0.245947	0.244829	0.359294	0.322684	0.325342	0.300658	0.300039	0.326523	0.339895	0.336378	0.38444	0.393491	0.359537	0.354567	0.305951	0.342474	0.410703	0.411568	0.309209	0.310089	0.269969	0.328811	0.33623	0.259338	0.2621	0.279244	0.256147	0.239358	0.260402	0.245685	0.245305	0.222316	0.221284	0.281093	0.321518	0.317197	0.313195	0.322742	0.259995	0.267221	0.408288	0.250428	0.26257	0.261168	0.252178	0.270732	0.282213	0.257733	0.244505	0.26748	0.263453	0.259752	0.249577	0.270953	0.260166	0.244437	0.234118	0.24367	0.250372	0.241747	0.252265	0.247397	0.247648	0.277639	0.28269	0.278643	0.272145	0.296439	0.357002	0.374169	0.343902	0.342946	0.367018	0.334135	0.358339	0.344085	0.337883	0.327865	0.337677	0.28349	0.285567	0.282056	0.310324	0.325576	0.310136	0.31074	0.354342	0.357036	0.283737	0.280261	0.292498	0.285092	0.265898	0.259067	0.276962	0.314325	0.309812	0.323878	0.32337	0.316596	0.320434	0.305694	0.307925	0.307447	0.298953	0.296776	0.274912	0.274592	0.252147	0.286342	0.413732	0.412618	0.499042	0.490796	0.460742	0.48251	0.435685	0.417794	0.396253	0.395559	0.394578	0.382405	0.402933	0.394311	0.347489	0.348177	0.412583	0.419731	0.423716	0.541885	0.523595	0.552923	0.549011	0.453541	0.427321
Vidua	0.80541	0.828309	0.233024	0.115839	0.105396	0.078441	0.082977	0.051437	0	0.106085	0.113316	0.11036	0.107126	0.15649	0.162595	0.150454	0.223556	0.223151	0.222014	0.221296	0.222971	0.227073	0.21118	0.245639	0.220539	0.227829	0.305626	0.302908	0.312423	0.313248	0.309036	0.312351	0.295109	0.262749	0.279374	0.248087	0.250498	0.24938	0.363845	0.327235	0.329893	0.305209	0.30459	0.331074	0.344446	0.340929	0.388991	0.398042	0.364088	0.359118	0.310502	0.347025	0.415254	0.416119	0.31376	0.31464	0.27452	0.333362	0.340781	0.263889	0.266651	0.283795	0.260698	0.243909	0.264953	0.250236	0.249856	0.226867	0.225835	0.285644	0.326069	0.321748	0.317746	0.327293	0.264546	0.271772	0.412839	0.254979	0.267121	0.265719	0.256729	0.275283	0.286764	0.262284	0.249056	0.272031	0.268004	0.264303	0.254128	0.275504	0.264717	0.248988	0.238669	0.248221	0.254923	0.246298	0.256816	0.251948	0.252199	0.28219	0.287241	0.283194	0.276696	0.30099	0.361553	0.37872	0.348453	0.347497	0.371569	0.338686	0.36289	0.348636	0.342434	0.332416	0.342228	0.288041	0.290118	0.286607	0.314875	0.330127	0.314687	0.315291	0.358893	0.361587	0.288288	0.284812	0.297049	0.289643	0.270449	0.263618	0.281513	0.318876	0.314363	0.328429	0.327921	0.321147	0.324985	0.310245	0.312476	0.311998	0.303504	0.301327	0.279463	0.279143	0.256698	0.290893	0.418283	0.417169	0.503593	0.495347	0.465293	0.487061	0.440236	0.422345	0.400804	0.40011	0.399129	0.386956	0.407484	0.398862	0.35204	0.352728	0.417134	0.424282	0.428267	0.546436	0.528146	0.557474	0.553562	0.458092	0.431872
Sylvia	0.817937	0.840836	0.245551	0.12934	0.118897	0.117908	0.122444	0.101534	0.106085	0	0.118961	0.122887	0.119653	0.169017	0.175122	0.162981	0.236083	0.235678	0.234541	0.233823	0.235498	0.2396	0.223707	0.258166	0.233066	0.240356	0.318153	0.315435	0.32495	0.325775	0.321563	0.324878	0.307636	0.275276	0.291901	0.260614	0.263025	0.261907	0.376372	0.339762	0.34242	0.317736	0.317117	0.343601	0.356973	0.353456	0.401518	0.410569	0.376615	0.371645	0.323029	0.359552	0.427781	0.428646	0.326287	0.327167	0.287047	0.345889	0.353308	0.276416	0.279178	0.296322	0.273225	0.256436	0.27748	0.262763	0.262383	0.239394	0.238362	0.298171	0.338596	0.334275	0.330273	0.33982	0.277073	0.284299	0.425366	0.267506	0.279648	0.278246	0.269256	0.28781	0.299291	0.274811	0.261583	0.284558	0.280531	0.27683	0.266655	0.288031	0.277244	0.261515	0.251196	0.260748	0.26745	0.258825	0.269343	0.264475	0.264726	0.294717	0.299768	0.295721	0.289223	0.313517	0.37408	0.391247	0.36098	0.360024	0.384096	0.351213	0.375417	0.361163	0.354961	0.344943	0.354755	0.300568	0.302645	0.299134	0.327402	0.342654	0.327214	0.327818	0.37142	0.374114	0.300815	0.297339	0.309576	0.30217	0.282976	0.276145	0.29404	0.331403	0.32689	0.340956	0.340448	0.333674	0.337512	0.322772	0.325003	0.324525	0.316031	0.313854	0.29199	0.29167	0.269225	0.30342	0.43081	0.429696	0.51612	0.507874	0.47782	0.499588	0.452763	0.434872	0.413331	0.412637	0.411656	0.399483	0.420011	0.411389	0.364567	0.365255	0.429661	0.436809	0.440794	0.558963	0.540673	0.570001	0.566089	0.470619	0.444399
Turdus	0.825168	0.848067	0.252782	0.136571	0.126128	0.125139	0.129675	0.108765	0.113316	0.118961	0	0.130118	0.126884	0.176248	0.182353	0.170212	0.243314	0.242909	0.241772	0.241054	0.242729	0.246831	0.230938	0.265397	0.240297	0.247587	0.325384	0.322666	0.332181	0.333006	0.328794	0.332109	0.314867	0.282507	0.299132	0.267845	0.270256	0.269138	0.383603	0.346993	0.349651	0.324967	0.324348	0.350832	0.364204	0.360687	0.408749	0.4178	0.383846	0.378876	0.33026	0.366783	0.435012	0.435877	0.333518	0.334398	0.294278	0.35312	0.360539	0.283647	0.286409	0.303553	0.280456	0.263667	0.284711	0.269994	0.269614	0.246625	0.245593	0.305402	0.345827	0.341506	0.337504	0.347051	0.284304	0.29153	0.432597	0.274737	0.286879	0.285477	0.276487	0.295041	0.306522	0.282042	0.268814	0.291789	0.287762	0.284061	0.273886	0.295262	0.284475	0.268746	0.258427	0.267979	0.274681	0.266056	0.276574	0.271706	0.271957	0.301948	0.306999	0.302952	0.296454	0.320748	0.381311	0.398478	0.368211	0.367255	0.391327	0.358444	0.382648	0.368394	0.362192	0.352174	0.361986	0.307799	0.309876	0.306365	0.334633	0.349885	0.334445	0.335049	0.378651	0.381345	0.308046	0.30457	0.316807	0.309401	0.290207	0.283376	0.301271	0.338634	0.334121	0.348187	0.347679	0.340905	0.344743	0.330003	0.332234	0.331756	0.323262	0.321085	0.299221	0.298901	0.276456	0.310651	0.438041	0.436927	0.523351	0.515105	0.485051	0.506819	0.459994	0.442103	0.420562	0.419868	0.418887	0.406714	0.427242	0.41862	0.371798	0.372486	0.436892	0.44404	0.448025	0.566194	0.547904	0.577232	0.57332	0.47785	0.45163
Picathartes	0.802718	0.825617	0.230332	0.133615	0.123172	0.122183	0.126719	0.105809	0.11036	0.122887	0.130118	0	0.104434	0.153798	0.159903	0.147762	0.220864	0.220459	0.219322	0.218604	0.220279	0.224381	0.208488	0.242947	0.217847	0.225137	0.302934	0.300216	0.309731	0.310556	0.306344	0.309659	0.292417	0.260057	0.276682	0.245395	0.247806	0.246688	0.361153	0.324543	0.327201	0.302517	0.301898	0.328382	0.341754	0.338237	0.386299	0.39535	0.361396	0.356426	0.30781	0.344333	0.412562	0.413427	0.311068	0.311948	0.271828	0.33067	0.338089	0.261197	0.263959	0.281103	0.258006	0.241217	0.262261	0.247544	0.247164	0.224175	0.223143	0.282952	0.323377	0.319056	0.315054	0.324601	0.261854	0.26908	0.410147	0.252287	0.264429	0.263027	0.254037	0.272591	0.284072	0.259592	0.246364	0.269339	0.265312	0.261611	0.251436	0.272812	0.262025	0.246296	0.235977	0.245529	0.252231	0.243606	0.254124	0.249256	0.249507	0.279498	0.284549	0.280502	0.274004	0.298298	0.358861	0.376028	0.345761	0.344805	0.368877	0.335994	0.360198	0.345944	0.339742	0.329724	0.339536	0.285349	0.287426	0.283915	0.312183	0.327435	0.311995	0.312599	0.356201	0.358895	0.285596	0.28212	0.294357	0.286951	0.267757	0.260926	0.278821	0.316184	0.311671	0.325737	0.325229	0.318455	0.322293	0.307553	0.309784	0.309306	0.300812	0.298635	0.276771	0.276451	0.254006	0.288201	0.415591	0.414477	0.500901	0.492655	0.462601	0.484369	0.437544	0.419653	0.398112	0.397418	0.396437	0.384264	0.404792	0.39617	0.349348	0.350036	0.414442	0.42159	0.425575	0.543744	0.525454	0.554782	0.55087	0.4554	0.42918
Corvus	0.786782	0.809681	0.214396	0.130381	0.119938	0.118949	0.123485	0.102575	0.107126	0.119653	0.126884	0.104434	0	0.137862	0.143967	0.131826	0.204928	0.204523	0.203386	0.202668	0.204343	0.208445	0.192552	0.227011	0.201911	0.209201	0.286998	0.28428	0.293795	0.29462	0.290408	0.293723	0.276481	0.244121	0.260746	0.229459	0.23187	0.230752	0.345217	0.308607	0.311265	0.286581	0.285962	0.312446	0.325818	0.322301	0.370363	0.379414	0.34546	0.34049	0.291874	0.328397	0.396626	0.397491	0.295132	0.296012	0.255892	0.314734	0.322153	0.245261	0.248023	0.265167	0.24207	0.225281	0.246325	0.231608	0.231228	0.208239	0.207207	0.267016	0.307441	0.30312	0.299118	0.308665	0.245918	0.253144	0.394211	0.236351	0.248493	0.247091	0.238101	0.256655	0.268136	0.243656	0.230428	0.253403	0.249376	0.245675	0.2355	0.256876	0.246089	0.23036	0.220041	0.229593	0.236295	0.22767	0.238188	0.23332	0.233571	0.263562	0.268613	0.264566	0.258068	0.282362	0.342925	0.360092	0.329825	0.328869	0.352941	0.320058	0.344262	0.330008	0.323806	0.313788	0.3236	0.269413	0.27149	0.267979	0.296247	0.311499	0.296059	0.296663	0.340265	0.342959	0.26966	0.266184	0.278421	0.271015	0.251821	0.24499	0.262885	0.300248	0.295735	0.309801	0.309293	0.302519	0.306357	0.291617	0.293848	0.29337	0.284876	0.282699	0.260835	0.260515	0.23807	0.272265	0.399655	0.398541	0.484965	0.476719	0.446665	0.468433	0.421608	0.403717	0.382176	0.381482	0.380501	0.368328	0.388856	0.380234	0.333412	0.3341	0.398506	0.405654	0.409639	0.527808	0.509518	0.538846	0.534934	0.439464	0.413244
Malurus	0.816388	0.839287	0.244002	0.179745	0.169302	0.168313	0.172849	0.151939	0.15649	0.169017	0.176248	0.153798	0.137862	0	0.173573	0.161432	0.234534	0.234129	0.232992	0.232274	0.233949	0.238051	0.222158	0.256617	0.231517	0.238807	0.316604	0.313886	0.323401	0.324226	0.320014	0.323329	0.306087	0.273727	0.290352	0.259065	0.261476	0.260358	0.374823	0.338213	0.340871	0.316187	0.315568	0.342052	0.355424	0.351907	0.399969	0.40902	0.375066	0.370096	0.32148	0.358003	0.426232	0.427097	0.324738	0.325618	0.285498	0.34434	0.351759	0.274867	0.277629	0.294773	0.271676	0.254887	0.275931	0.261214	0.260834	0.237845	0.236813	0.296622	0.337047	0.332726	0.328724	0.338271	0.275524	0.28275	0.423817	0.265957	0.278099	0.276697	0.267707	0.286261	0.297742	0.273262	0.260034	0.283009	0.278982	0.275281	0.265106	0.286482	0.275695	0.259966	0.249647	0.259199	0.265901	0.257276	0.267794	0.262926	0.263177	0.293168	0.298219	0.294172	0.287674	0.311968	0.372531	0.389698	0.359431	0.358475	0.382547	0.349664	0.373868	0.359614	0.353412	0.343394	0.353206	0.299019	0.301096	0.297585	0.325853	0.341105	0.325665	0.326269	0.369871	0.372565	0.299266	0.29579	0.308027	0.300621	0.281427	0.274596	0.292491	0.329854	0.325341	0.339407	0.338899	0.332125	0.335963	0.321223	0.323454	0.322976	0.314482	0.312305	0.290441	0.290121	0.267676	0.301871	0.429261	0.428147	0.514571	0.506325	0.476271	0.498039	0.451214	0.433323	0.411782	0.411088	0.410107	0.397934	0.418462	0.40984	0.363018	0.363706	0.428112	0.43526	0.439245	0.557414	0.539124	0.568452	0.56454	0.46907	0.44285
Climacteris	0.797843	0.820742	0.225457	0.18585	0.175407	0.174418	0.178954	0.158044	0.162595	0.175122	0.182353	0.159903	0.143967	0.173573	0	0.142887	0.215989	0.215584	0.214447	0.213729	0.215404	0.219506	0.203613	0.238072	0.212972	0.220262	0.298059	0.295341	0.304856	0.305681	0.301469	0.304784	0.287542	0.255182	0.271807	0.24052	0.242931	0.241813	0.356278	0.319668	0.322326	0.297642	0.297023	0.323507	0.336879	0.333362	0.381424	0.390475	0.356521	0.351551	0.302935	0.339458	0.407687	0.408552	0.306193	0.307073	0.266953	0.325795	0.333214	0.256322	0.259084	0.276228	0.253131	0.236342	0.257386	0.242669	0.242289	0.2193	0.218268	0.278077	0.318502	0.314181	0.310179	0.319726	0.256979	0.264205	0.405272	0.247412	0.259554	0.258152	0.249162	0.267716	0.279197	0.254717	0.241489	0.264464	0.260437	0.256736	0.246561	0.267937	0.25715	0.241421	0.231102	0.240654	0.247356	0.238731	0.249249	0.244381	0.244632	0.274623	0.279674	0.275627	0.269129	0.293423	0.353986	0.371153	0.340886	0.33993	0.364002	0.331119	0.355323	0.341069	0.334867	0.324849	0.334661	0.280474	0.282551	0.27904	0.307308	0.32256	0.30712	0.307724	0.351326	0.35402	0.280721	0.277245	0.289482	0.282076	0.262882	0.256051	0.273946	0.311309	0.306796	0.320862	0.320354	0.31358	0.317418	0.302678	0.304909	0.304431	0.295937	0.29376	0.271896	0.271576	0.249131	0.283326	0.410716	0.409602	0.496026	0.48778	0.457726	0.479494	0.432669	0.414778	0.393237	0.392543	0.391562	0.379389	0.399917	0.391295	0.344473	0.345161	0.409567	0.416715	0.4207	0.538869	0.520579	0.549907	0.545995	0.450525	0.424305
Menura	0.773574	0.796473	0.201188	0.173709	0.163266	0.162277	0.166813	0.145903	0.150454	0.162981	0.170212	0.147762	0.131826	0.161432	0.142887	0	0.19172	0.191315	0.190178	0.18946	0.191135	0.195237	0.179344	0.213803	0.188703	0.195993	0.27379	0.271072	0.280587	0.281412	0.2772	0.280515	0.263273	0.230913	0.247538	0.216251	0.218662	0.217544	0.332009	0.295399	0.298057	0.273373	0.272754	0.299238	0.31261	0.309093	0.357155	0.366206	0.332252	0.327282	0.278666	0.315189	0.383418	0.384283	0.281924	0.282804	0.242684	0.301526	0.308945	0.232053	0.234815	0.251959	0.228862	0.212073	0.233117	0.2184	0.21802	0.195031	0.193999	0.253808	0.294233	0.289912	0.28591	0.295457	0.23271	0.239936	0.381003	0.223143	0.235285	0.233883	0.224893	0.243447	0.254928	0.230448	0.21722	0.240195	0.236168	0.232467	0.222292	0.243668	0.232881	0.217152	0.206833	0.216385	0.223087	0.214462	0.22498	0.220112	0.220363	0.250354	0.255405	0.251358	0.24486	0.269154	0.329717	0.346884	0.316617	0.315661	0.339733	0.30685	0.331054	0.3168	0.310598	0.30058	0.310392	0.256205	0.258282	0.254771	0.283039	0.298291	0.282851	0.283455	0.327057	0.329751	0.256452	0.252976	0.265213	0.257807	0.238613	0.231782	0.249677	0.28704	0.282527	0.296593	0.296085	0.289311	0.293149	0.278409	0.28064	0.280162	0.271668	0.269491	0.247627	0.247307	0.224862	0.259057	0.386447	0.385333	0.471757	0.463511	0.433457	0.455225	0.4084	0.390509	0.368968	0.368274	0.367293	0.35512	0.375648	0.367026	0.320204	0.320892	0.385298	0.392446	0.396431	0.5146	0.49631	0.525638	0.521726	0.426256	0.400036
Dendrocolaptes	0.794396	0.817295	0.22201	0.246811	0.236368	0.235379	0.239915	0.219005	0.223556	0.236083	0.243314	0.220864	0.204928	0.234534	0.215989	0.19172	0	0.111131	0.118196	0.125876	0.156845	0.160947	0.145054	0.206429	0.181329	0.188619	0.294612	0.291894	0.301409	0.302234	0.298022	0.301337	0.284095	0.251735	0.26836	0.237073	0.239484	0.238366	0.352831	0.316221	0.318879	0.294195	0.293576	0.32006	0.333432	0.329915	0.377977	0.387028	0.353074	0.348104	0.299488	0.336011	0.40424	0.405105	0.302746	0.303626	0.263506	0.322348	0.329767	0.252875	0.255637	0.272781	0.249684	0.232895	0.253939	0.239222	0.238842	0.215853	0.214821	0.27463	0.315055	0.310734	0.306732	0.316279	0.253532	0.260758	0.401825	0.243965	0.256107	0.254705	0.245715	0.264269	0.27575	0.25127	0.238042	0.261017	0.25699	0.253289	0.243114	0.26449	0.253703	0.237974	0.227655	0.237207	0.243909	0.235284	0.245802	0.240934	0.241185	0.271176	0.276227	0.27218	0.265682	0.289976	0.350539	0.367706	0.337439	0.336483	0.360555	0.327672	0.351876	0.337622	0.33142	0.321402	0.331214	0.277027	0.279104	0.275593	0.303861	0.319113	0.303673	0.304277	0.347879	0.350573	0.277274	0.273798	0.286035	0.278629	0.259435	0.252604	0.270499	0.307862	0.303349	0.317415	0.316907	0.310133	0.313971	0.299231	0.301462	0.300984	0.29249	0.290313	0.268449	0.268129	0.245684	0.279879	0.407269	0.406155	0.492579	0.484333	0.454279	0.476047	0.429222	0.411331	0.38979	0.389096	0.388115	0.375942	0.39647	0.387848	0.341026	0.341714	0.40612	0.413268	0.417253	0.535422	0.517132	0.54646	0.542548	0.447078	0.420858
Scytalopus	0.793991	0.81689	0.221605	0.246406	0.235963	0.234974	0.23951	0.2186	0.223151	0.235678	0.242909	0.220459	0.204523	0.234129	0.215584	0.191315	0.111131	0	0.117791	0.125471	0.15644	0.160542	0.144649	0.206024	0.180924	0.188214	0.294207	0.291489	0.301004	0.301829	0.297617	0.300932	0.28369	0.25133	0.267955	0.236668	0.239079	0.237961	0.352426	0.315816	0.318474	0.29379	0.293171	0.319655	0.333027	0.32951	0.377572	0.386623	0.352669	0.347699	0.299083	0.335606	0.403835	0.4047	0.302341	0.303221	0.263101	0.321943	0.329362	0.25247	0.255232	0.272376	0.249279	0.23249	0.253534	0.238817	0.238437	0.215448	0.214416	0.274225	0.31465	0.310329	0.306327	0.315874	0.253127	0.260353	0.40142	0.24356	0.255702	0.2543	0.24531	0.263864	0.275345	0.250865	0.237637	0.260612	0.256585	0.252884	0.242709	0.264085	0.253298	0.237569	0.22725	0.236802	0.243504	0.234879	0.245397	0.240529	0.24078	0.270771	0.275822	0.271775	0.265277	0.289571	0.350134	0.367301	0.337034	0.336078	0.36015	0.327267	0.351471	0.337217	0.331015	0.320997	0.330809	0.276622	0.278699	0.275188	0.303456	0.318708	0.303268	0.303872	0.347474	0.350168	0.276869	0.273393	0.28563	0.278224	0.25903	0.252199	0.270094	0.307457	0.302944	0.31701	0.316502	0.309728	0.313566	0.298826	0.301057	0.300579	0.292085	0.289908	0.268044	0.267724	0.245279	0.279474	0.406864	0.40575	0.492174	0.483928	0.453874	0.475642	0.428817	0.410926	0.389385	0.388691	0.38771	0.375537	0.396065	0.387443	0.340621	0.341309	0.405715	0.412863	0.416848	0.535017	0.516727	0.546055	0.542143	0.446673	0.420453
Grallaria	0.792854	0.815753	0.220468	0.245269	0.234826	0.233837	0.238373	0.217463	0.222014	0.234541	0.241772	0.219322	0.203386	0.232992	0.214447	0.190178	0.118196	0.117791	0	0.124334	0.155303	0.159405	0.143512	0.204887	0.179787	0.187077	0.29307	0.290352	0.299867	0.300692	0.29648	0.299795	0.282553	0.250193	0.266818	0.235531	0.237942	0.236824	0.351289	0.314679	0.317337	0.292653	0.292034	0.318518	0.33189	0.328373	0.376435	0.385486	0.351532	0.346562	0.297946	0.334469	0.402698	0.403563	0.301204	0.302084	0.261964	0.320806	0.328225	0.251333	0.254095	0.271239	0.248142	0.231353	0.252397	0.23768	0.2373	0.214311	0.213279	0.273088	0.313513	0.309192	0.30519	0.314737	0.25199	0.259216	0.400283	0.242423	0.254565	0.253163	0.244173	0.262727	0.274208	0.249728	0.2365	0.259475	0.255448	0.251747	0.241572	0.262948	0.252161	0.236432	0.226113	0.235665	0.242367	0.233742	0.24426	0.239392	0.239643	0.269634	0.274685	0.270638	0.26414	0.288434	0.348997	0.366164	0.335897	0.334941	0.359013	0.32613	0.350334	0.33608	0.329878	0.31986	0.329672	0.275485	0.277562	0.274051	0.302319	0.317571	0.302131	0.302735	0.346337	0.349031	0.275732	0.272256	0.284493	0.277087	0.257893	0.251062	0.268957	0.30632	0.301807	0.315873	0.315365	0.308591	0.312429	0.297689	0.29992	0.299442	0.290948	0.288771	0.266907	0.266587	0.244142	0.278337	0.405727	0.404613	0.491037	0.482791	0.452737	0.474505	0.42768	0.409789	0.388248	0.387554	0.386573	0.3744	0.394928	0.386306	0.339484	0.340172	0.404578	0.411726	0.415711	0.53388	0.51559	0.544918	0.541006	0.445536	0.419316
Thamnophilus	0.792136	0.815035	0.21975	0.244551	0.234108	0.233119	0.237655	0.216745	0.221296	0.233823	0.241054	0.218604	0.202668	0.232274	0.213729	0.18946	0.125876	0.125471	0.124334	0	0.154585	0.158687	0.142794	0.204169	0.179069	0.186359	0.292352	0.289634	0.299149	0.299974	0.295762	0.299077	0.281835	0.249475	0.2661	0.234813	0.237224	0.236106	0.350571	0.313961	0.316619	0.291935	0.291316	0.3178	0.331172	0.327655	0.375717	0.384768	0.350814	0.345844	0.297228	0.333751	0.40198	0.402845	0.300486	0.301366	0.261246	0.320088	0.327507	0.250615	0.253377	0.270521	0.247424	0.230635	0.251679	0.236962	0.236582	0.213593	0.212561	0.27237	0.312795	0.308474	0.304472	0.314019	0.251272	0.258498	0.399565	0.241705	0.253847	0.252445	0.243455	0.262009	0.27349	0.24901	0.235782	0.258757	0.25473	0.251029	0.240854	0.26223	0.251443	0.235714	0.225395	0.234947	0.241649	0.233024	0.243542	0.238674	0.238925	0.268916	0.273967	0.26992	0.263422	0.287716	0.348279	0.365446	0.335179	0.334223	0.358295	0.325412	0.349616	0.335362	0.32916	0.319142	0.328954	0.274767	0.276844	0.273333	0.301601	0.316853	0.301413	0.302017	0.345619	0.348313	0.275014	0.271538	0.283775	0.276369	0.257175	0.250344	0.268239	0.305602	0.301089	0.315155	0.314647	0.307873	0.311711	0.296971	0.299202	0.298724	0.29023	0.288053	0.266189	0.265869	0.243424	0.277619	0.405009	0.403895	0.490319	0.482073	0.452019	0.473787	0.426962	0.409071	0.38753	0.386836	0.385855	0.373682	0.39421	0.385588	0.338766	0.339454	0.40386	0.411008	0.414993	0.533162	0.514872	0.5442	0.540288	0.444818	0.418598
Mionectes	0.793811	0.81671	0.221425	0.246226	0.235783	0.234794	0.23933	0.21842	0.222971	0.235498	0.242729	0.220279	0.204343	0.233949	0.215404	0.191135	0.156845	0.15644	0.155303	0.154585	0	0.08074	0.087263	0.205844	0.180744	0.188034	0.294027	0.291309	0.300824	0.301649	0.297437	0.300752	0.28351	0.25115	0.267775	0.236488	0.238899	0.237781	0.352246	0.315636	0.318294	0.29361	0.292991	0.319475	0.332847	0.32933	0.377392	0.386443	0.352489	0.347519	0.298903	0.335426	0.403655	0.40452	0.302161	0.303041	0.262921	0.321763	0.329182	0.25229	0.255052	0.272196	0.249099	0.23231	0.253354	0.238637	0.238257	0.215268	0.214236	0.274045	0.31447	0.310149	0.306147	0.315694	0.252947	0.260173	0.40124	0.24338	0.255522	0.25412	0.24513	0.263684	0.275165	0.250685	0.237457	0.260432	0.256405	0.252704	0.242529	0.263905	0.253118	0.237389	0.22707	0.236622	0.243324	0.234699	0.245217	0.240349	0.2406	0.270591	0.275642	0.271595	0.265097	0.289391	0.349954	0.367121	0.336854	0.335898	0.35997	0.327087	0.351291	0.337037	0.330835	0.320817	0.330629	0.276442	0.278519	0.275008	0.303276	0.318528	0.303088	0.303692	0.347294	0.349988	0.276689	0.273213	0.28545	0.278044	0.25885	0.252019	0.269914	0.307277	0.302764	0.31683	0.316322	0.309548	0.313386	0.298646	0.300877	0.300399	0.291905	0.289728	0.267864	0.267544	0.245099	0.279294	0.406684	0.40557	0.491994	0.483748	0.453694	0.475462	0.428637	0.410746	0.389205	0.388511	0.38753	0.375357	0.395885	0.387263	0.340441	0.341129	0.405535	0.412683	0.416668	0.534837	0.516547	0.545875	0.541963	0.446493	0.420273
Tyrannus	0.797913	0.820812	0.225527	0.250328	0.239885	0.238896	0.243432	0.222522	0.227073	0.2396	0.246831	0.224381	0.208445	0.238051	0.219506	0.195237	0.160947	0.160542	0.159405	0.158687	0.08074	0	0.091365	0.209946	0.184846	0.192136	0.298129	0.295411	0.304926	0.305751	0.301539	0.304854	0.287612	0.255252	0.271877	0.24059	0.243001	0.241883	0.356348	0.319738	0.322396	0.297712	0.297093	0.323577	0.336949	0.333432	0.381494	0.390545	0.356591	0.351621	0.303005	0.339528	0.407757	0.408622	0.306263	0.307143	0.267023	0.325865	0.333284	0.256392	0.259154	0.276298	0.253201	0.236412	0.257456	0.242739	0.242359	0.21937	0.218338	0.278147	0.318572	0.314251	0.310249	0.319796	0.257049	0.264275	0.405342	0.247482	0.259624	0.258222	0.249232	0.267786	0.279267	0.254787	0.241559	0.264534	0.260507	0.256806	0.246631	0.268007	0.25722	0.241491	0.231172	0.240724	0.247426	0.238801	0.249319	0.244451	0.244702	0.274693	0.279744	0.275697	0.269199	0.293493	0.354056	0.371223	0.340956	0.34	0.364072	0.331189	0.355393	0.341139	0.334937	0.324919	0.334731	0.280544	0.282621	0.27911	0.307378	0.32263	0.30719	0.307794	0.351396	0.35409	0.280791	0.277315	0.289552	0.282146	0.262952	0.256121	0.274016	0.311379	0.306866	0.320932	0.320424	0.31365	0.317488	0.302748	0.304979	0.304501	0.296007	0.29383	0.271966	0.271646	0.249201	0.283396	0.410786	0.409672	0.496096	0.48785	0.457796	0.479564	0.432739	0.414848	0.393307	0.392613	0.391632	0.379459	0.399987	0.391365	0.344543	0.345231	0.409637	0.416785	0.42077	0.538939	0.520649	0.549977	0.546065	0.450595	0.424375
Pipra	0.78202	0.804919	0.209634	0.234435	0.223992	0.223003	0.227539	0.206629	0.21118	0.223707	0.230938	0.208488	0.192552	0.222158	0.203613	0.179344	0.145054	0.144649	0.143512	0.142794	0.087263	0.091365	0	0.194053	0.168953	0.176243	0.282236	0.279518	0.289033	0.289858	0.285646	0.288961	0.271719	0.239359	0.255984	0.224697	0.227108	0.22599	0.340455	0.303845	0.306503	0.281819	0.2812	0.307684	0.321056	0.317539	0.365601	0.374652	0.340698	0.335728	0.287112	0.323635	0.391864	0.392729	0.29037	0.29125	0.25113	0.309972	0.317391	0.240499	0.243261	0.260405	0.237308	0.220519	0.241563	0.226846	0.226466	0.203477	0.202445	0.262254	0.302679	0.298358	0.294356	0.303903	0.241156	0.248382	0.389449	0.231589	0.243731	0.242329	0.233339	0.251893	0.263374	0.238894	0.225666	0.248641	0.244614	0.240913	0.230738	0.252114	0.241327	0.225598	0.215279	0.224831	0.231533	0.222908	0.233426	0.228558	0.228809	0.2588	0.263851	0.259804	0.253306	0.2776	0.338163	0.35533	0.325063	0.324107	0.348179	0.315296	0.3395	0.325246	0.319044	0.309026	0.318838	0.264651	0.266728	0.263217	0.291485	0.306737	0.291297	0.291901	0.335503	0.338197	0.264898	0.261422	0.273659	0.266253	0.247059	0.240228	0.258123	0.295486	0.290973	0.305039	0.304531	0.297757	0.301595	0.286855	0.289086	0.288608	0.280114	0.277937	0.256073	0.255753	0.233308	0.267503	0.394893	0.393779	0.480203	0.471957	0.441903	0.463671	0.416846	0.398955	0.377414	0.37672	0.375739	0.363566	0.384094	0.375472	0.32865	0.329338	0.393744	0.400892	0.404877	0.523046	0.504756	0.534084	0.530172	0.434702	0.408482
Pitta	0.816479	0.839378	0.244093	0.268894	0.258451	0.257462	0.261998	0.241088	0.245639	0.258166	0.265397	0.242947	0.227011	0.256617	0.238072	0.213803	0.206429	0.206024	0.204887	0.204169	0.205844	0.209946	0.194053	0	0.133228	0.146464	0.316695	0.313977	0.323492	0.324317	0.320105	0.32342	0.306178	0.273818	0.290443	0.259156	0.261567	0.260449	0.374914	0.338304	0.340962	0.316278	0.315659	0.342143	0.355515	0.351998	0.40006	0.409111	0.375157	0.370187	0.321571	0.358094	0.426323	0.427188	0.324829	0.325709	0.285589	0.344431	0.35185	0.274958	0.27772	0.294864	0.271767	0.254978	0.276022	0.261305	0.260925	0.237936	0.236904	0.296713	0.337138	0.332817	0.328815	0.338362	0.275615	0.282841	0.423908	0.266048	0.27819	0.276788	0.267798	0.286352	0.297833	0.273353	0.260125	0.2831	0.279073	0.275372	0.265197	0.286573	0.275786	0.260057	0.249738	0.25929	0.265992	0.257367	0.267885	0.263017	0.263268	0.293259	0.29831	0.294263	0.287765	0.312059	0.372622	0.389789	0.359522	0.358566	0.382638	0.349755	0.373959	0.359705	0.353503	0.343485	0.353297	0.29911	0.301187	0.297676	0.325944	0.341196	0.325756	0.32636	0.369962	0.372656	0.299357	0.295881	0.308118	0.300712	0.281518	0.274687	0.292582	0.329945	0.325432	0.339498	0.33899	0.332216	0.336054	0.321314	0.323545	0.323067	0.314573	0.312396	0.290532	0.290212	0.267767	0.301962	0.429352	0.428238	0.514662	0.506416	0.476362	0.49813	0.451305	0.433414	0.411873	0.411179	0.410198	0.398025	0.418553	0.409931	0.363109	0.363797	0.428203	0.435351	0.439336	0.557505	0.539215	0.568543	0.564631	0.469161	0.442941
Smithornis	0.791379	0.814278	0.218993	0.243794	0.233351	0.232362	0.236898	0.215988	0.220539	0.233066	0.240297	0.217847	0.201911	0.231517	0.212972	0.188703	0.181329	0.180924	0.179787	0.179069	0.180744	0.184846	0.168953	0.133228	0	0.121364	0.291595	0.288877	0.298392	0.299217	0.295005	0.29832	0.281078	0.248718	0.265343	0.234056	0.236467	0.235349	0.349814	0.313204	0.315862	0.291178	0.290559	0.317043	0.330415	0.326898	0.37496	0.384011	0.350057	0.345087	0.296471	0.332994	0.401223	0.402088	0.299729	0.300609	0.260489	0.319331	0.32675	0.249858	0.25262	0.269764	0.246667	0.229878	0.250922	0.236205	0.235825	0.212836	0.211804	0.271613	0.312038	0.307717	0.303715	0.313262	0.250515	0.257741	0.398808	0.240948	0.25309	0.251688	0.242698	0.261252	0.272733	0.248253	0.235025	0.258	0.253973	0.250272	0.240097	0.261473	0.250686	0.234957	0.224638	0.23419	0.240892	0.232267	0.242785	0.237917	0.238168	0.268159	0.27321	0.269163	0.262665	0.286959	0.347522	0.364689	0.334422	0.333466	0.357538	0.324655	0.348859	0.334605	0.328403	0.318385	0.328197	0.27401	0.276087	0.272576	0.300844	0.316096	0.300656	0.30126	0.344862	0.347556	0.274257	0.270781	0.283018	0.275612	0.256418	0.249587	0.267482	0.304845	0.300332	0.314398	0.31389	0.307116	0.310954	0.296214	0.298445	0.297967	0.289473	0.287296	0.265432	0.265112	0.242667	0.276862	0.404252	0.403138	0.489562	0.481316	0.451262	0.47303	0.426205	0.408314	0.386773	0.386079	0.385098	0.372925	0.393453	0.384831	0.338009	0.338697	0.403103	0.410251	0.414236	0.532405	0.514115	0.543443	0.539531	0.444061	0.417841
